$ANSIBLE_VAULT;1.1;AES256
63613239643863326463653136376466386630656238656639346564636236626462653966313232
3236363636383738356133643030656361633331313263310a383837373339393361353630616164
33333336666537316365623438333639643161663761396266306461396130363331656131373837
6138336230306138370a636666623565626638313235366261626564636262303630363363373365
61626531366465643633353464646136366262636566323236383439376437643439363765623363
63376337343265303363343766373764386631373337623636326135353437323836313136636234
31383137356465656334303630646634333865646631393930643837333764373336326232303262
62353864366665316633363664323735306632363565663730393032383533323630363332656239
61643633613933373662356634366562366564656564613831613965306639363734613563623364
63373737303566336264366334376363623434336662643232656632376231346636666331393361
38623463343835636338316362333766663161653134353939613332623036323835313461363562
61646330386631313830326230326531653862666262326639356266363235643332373363613961
31373930666138663738646337373664333065616432313962386235646532336235393239653332
32373562626632626137316435343130646333353735323961313766633064656564313637346336
33636462633039376365353731303931623838666562383666393261643430373432643961646266
34313030376230303564666238323333613532343535633337663737383738336362643530303463
62333530313037393931303562373564623239366465353463653666323030346432383365376234
33633534303037356362303363353064656135303036306163653838633864333639303532393237
38656365306439353839356138633330623831393464333834343136663139633265363065633266
65643061353134366134333331383234663966333933313765633338333933313562313037356531
66343033316537666163626237303938623866613837323233393862306438393835366166313033
62326362383033336130653463393530383032613763663661623534396362313966353163353033
37316432343362613731396465663534313032363039653263363863376365333334306330396166
66333964306532306637653361376539366138323838386161653166353461656466613737366662
36663735353932343161373062313366346438653736653666663965626366313435376632313737
38666236373636346131366339633831646431636639313033363535376239363733636139633561
37626134363461326131353861656332393138353835623631656464363461633566313934396630
64643433623238636137656163663761636338316661613034616134396138376238643731386136
38316333623838663232643562666361346236356165383135643562323834646231646261393639
33333639356533383866343334653032643261303332656664616235346434373537653863373866
38386461626533396466303865643734366334386231663538383532613031356662343138333662
65343464336136633263346334666664313832663165333536366537323863666530313833636634
32336334343430323765333630626536666430313663336330656334326665656237663030303563
66306231336361653663656362333536633632323231646635623835626265623036343363663561
36396264316431313136663166613763636565313733353839376530393564343635663564383634
65643566633736393737393236396532353934333134663561653231616365653930623166396333
32666535346235356437643266313663633535386366346333613537663164346464323835383335
61623562653661363437386166333862356563386133633763626136346137353537323232333864
33623733663737386532333636396462353562383561643730356562623965393237386338316463
35336163666239306536353465356165633665363930346230346166396437323565326263306637
30343265396563646638333934336363313835633666653164373734303665306161306366613635
66373731663063643664336365373566306337636639373532616634626235666362626233386239
39336535396634376439396463623465643731343039353862353734626234306534306437363732
35313732613432623564316339376338613663373862346264636539396365343236643864336339
32653733353537383131363939313662633666366634373037626666373366313063626262363132
33643966306131316639303533313464643964393866653238613232613239656539656230393064
30633061336432376438656335666630633564623064396163623831333131346631386231383163
36356637323738346363336563613665363838396133396565623434353439356631316131336539
6362
