$ANSIBLE_VAULT;1.1;AES256
38613761663130363063653164623535316636326136333166393639653339323565643238323031
6466353461393633373837653339633264363366616530630a363665313032613935356566333535
66363537343762623564343963333235626161616666303238663931386330346233386162393234
3630346638623538300a373663323666663562383530393261643731656263663330316439633432
37356665613834633266613830376333353561323732373736366337323062653731333537656466
66346631373531313266326166363136653636373566616163376139623466656665653239616661
63303738353835333631363236666361323163643739616135373137386137303330333836323961
66383930366531393962643633373866336564613730656364326536393232366233613066616564
66313037343530393937646263376632643762383866363964393039633330616562383763363638
63343066373730393564653939303231663362366365393638346638636139316237343765356534
32326433646437386638356562633937646237613265643261666438666266623134663534316530
66333137353334623830623133316464376139353436643863616339376263373161346439393264
39313231666630356462653366326630316236343064376132646136353130396266366364313262
63313266386235333530303465653635623562636435306131643131323839366262316639626234
62343633343338393536626133316331646163373632613564363932343634653866343465383565
39666234376564633335346636353961383033623961636461633966386261303930373365633262
32663862623934363866653931353930393834346231376132333931323736353730633531373135
32366530646539633737333739383433393633346464373030656438373431613034636361613666
66303133303965353633316162616337653630306561626632363663396435316565383463616436
33353432306633333937383739616637393232383038616133376630303966386132376165346330
33383237336464623663316263313932616363643263343164363737653036636430613832376565
39656339326436646463383932383735633033393535376166343066636631323161656430326461
34363362396331653734373832396634336333306161393637373566366363323862653366333261
34623134396664393164316266336334313865323333353061343863653665373361636638646261
36333639363664653538333362643865613936326564633633336231383234376332663063343434
34326631663735323962663832383063643965646366333933353164336539323737343834366661
31353631636563383361356461306465366334653336376235623133366530626163333839613262
32316134303038373332613963326265613266666234653735363931366237313537653637663634
62393464373636633064633165613535363831306364363334383166326138353632303133653038
33646638653936363831313261636264303561623861306330326430343134326162326232336333
30346537343162623635656332643862326263613337623266643231356665623131373531663166
63343762623366646338383233616331353661396234646637303062626561623937366334333565
37313464393138383235376134306561366630326461393139366636633561376335313031633133
34613365393864333263366563373737376661656231313036663762326331613131383762353764
39326337366530663431636531336366356237323164306539333139383864623163653064326262
63633332663538326561313038613766663062343364613465303037623836326166383837666162
37666230343261393838396565656632653831323930373062383730333438613164346466323034
66326436646230353339386435363730313333643739373537366330656565326637303731613937
64623863343532346232613735393361333565316166373639313339313161343731366532653333
66626461323934386262613563366135646438316661626630356339346136346431323532333634
33626436656265623461333838376465633231646161393562303666386530363639623265626261
34636230383236303639353335626264613830313433303066386264653433613039313731313931
30346631326533376635356463353035356535313638656465633962313766363739313231333164
35666631343964653935363538303764633237383661643337346361343330336361633532626133
62643065616637306261646531393333346564333139323262336234323762346630373462353766
64336636626263613333316464633334646135376530333461353438393232353330336639383663
39353065636439663130323133353437626664613163333038626433333765346264393838613238
61326562333462613633313061326263366631656133306433363062336262643937646665623966
35303639653736613939636164636439323034653038376264353535306331633362393061623662
63373233303461363636306432643132336635303930313736303833323163363138393838373338
36633166383435313864633134653765376564626332653836333463653737666664613363616635
38363764353562396361346432663135336536616335376463303963643136623937623662643835
39336339643439623733313866326630643038333139386466396439383861313130373064636263
34323733376564633332656462346431386635626432653930356539633766363236386165393737
31643965316366336635373532303766393534613031363531343064363761666632646637313262
39646563373935656232393038396562633831633639616461636130316561393732333964303835
31646638616465393335313131386361383366383531323330316638656465663362346636613634
64346566333330356538343237366430653037653630653339303962663334353538343039636361
66613834336337376261303136643931383832306566643737636636656430303139353364326139
63353737343964323861363661396230623933323433656331313062303637353962623838663637
31643233373939383739356434663439346337356237303661646566373165623566313831323438
31623635306536636132376238333061353132393366353831306132613830666138613938646664
64373338646565653461376132366365346239633366363138633936393462346432303261623762
36646538326365353464353031373037353766396638343936393930363835396339663732313735
63643536376133366634646539633961353764316230356166363263386238333462306461663130
32633831666635353735303266663930396562363337346434323263353238373031373036373435
65306266653438303739333434633965326463656337306361663930323138353330333337356436
38613836613963303363353566366164666439303565626632323532353936386239336331333833
62636430383532643263343432633135633364303230643062633836663137663861353839353835
66366665326434356665336333333430333636396335323235366665623931653466663763303837
33323738386362613530643837656664356631346465373231643466346232333964306432656262
37343463393162303565303638306533663434326135386361313637356430393132626138303339
61386262613962353338393032363166323838323864386461613230653939383735343036333565
64366530346537373735313632633431626132333963626435333937616365333063383033323539
32633039666431313435303837653035643537343430303535366564313461386566376139636633
65363438393238386664626439666534396261613936646530663937646231393766363039666661
36656266366539653561346261396564386538343166663138643464333539616233316630393739
35306261646632373432653938396531626133396466316165393962613139626165356231613131
32666533646263336462366566306536666139333664376132346433626461353862663965616436
63656336663062343339386139656230353832303762363861366633653038346536626263613233
30626133346361623565373530343664396436306233336334663732376530336433306665653035
36643063643364343634316235393965373434306336663932663065366430346535323130353335
39656431363531623439343561383061393930616330393435623536336134323134343133303363
64383135386566383631643166323631613534373334313033636535383261306237623063633435
37623063633663663766616361396130373836326338653133303833383261663461373339303536
64363331633035626663613432396362376663343539323539356237353637616436653930316165
65306232653238343565643530393738613439343166663163313332306439613364323038346236
39353338366564333266633435636362613635336531313637396362653231383664373461376362
36643331356365333136363131346638613235656436633865633937306262303634373366303838
31376430663766393361623931383231633332363338383533653263333738333938383661376166
37353237353937363462336430306337323732663838663364396537356237633639366639623836
36343230663364366163393331393064636538323035633030396235663862633632303137653664
32336439383632303432646536343737643831353061393035323532363636336536616333366563
30376536616335393633383866626361326437353462613230373130383235666439323261616536
62643463653135636334616338303038363263396362653761656337633165313230653733336234
66376164316538393563323339356335616266326337303364613735653564363337646538323631
61663139363933376438326362656261316163613136666462663638353838326166353765616462
62616262386538376166393937353836666531633535363034323130373439393038333262663464
37663932316639613330616161366139323736386136643437336439653165653663316266656363
30653238643430306661613231346161383934626434303135356133343031363064666261393339
36353763356232643830373431396532336336336337646262623139616539623231636331663836
66313430613933633231343439373364313831353561316335396233336462663562363335366462
35663932656231633864303436613731613534326463373535366532326631666237343338326261
37386138623737386363376535666633373337636231343030653634636662346431633237643666
37313065626537633235323161633564613530626366343433383339326433386563653965366530
64343335303662313030386264356464353133303162326332333131303262656463613966343262
32376163646338346664663635393137623730663339653266633765356131333466663432313536
34366363383331383464316234633466663361323464633733623737393337613130643635393961
33646663613835396330356365303632636439313334613430356530363236363064346331373636
31633765623839343865633835333333333238313766623862373434633938373633643838396362
66303863333336623666356135376135633830386362303930376432643636653964663333613433
64303633393633636538633761613637313937356331343864366339343530316438376436636533
31616666653035636633366332383538363233323937633237373238366531353337393165353564
33346636623365623564366439303131663166363632316430366166613130623565313736356132
30353330326261383235316430653637383232636234623638636535613838663031633839343762
32393136373537346438636237633532323039333363643963343264656639306631646138376334
35663839383932646138653364363235326334396662376662333066326438653865623764393265
66623666373134313431393364616664653162633731396330393561633663383534333333323866
32363335653637316532393762626261313163623461626439666433376330386532663563376634
64343334383262313233343835666361353264366264623764623136326236383364626364383564
62363838373634323138633433376636353331326537343932383062633166393233316662303962
30316131323130636538653237366265656562376464336637373464653562363163313335616533
63656566373631626239363262343832613631646139626238383931333633393639623461373163
62353763656338343734633035303332353765643935646638323439383435613530323032386663
66623936316538376538663735346164383339666464623931356439343064626435313533383661
61396261323032646337323130313464386330393862363737363936643666646434373934333462
34323962373038636130633765666339316661316532336562396234376330613466663739313266
35396464323737623732636235346631663661613433353464626361306563613262363333666162
36643136373466303964383266306335333539633065383034313232323562633836343638363433
36666636656534383962616532373362373361386533613561306637323430623230366637333264
30623933643534386536343364376434643936356566343231653838616430646138393935313365
62383465616537306365383035656464316533616232363130633131616333313961306461303435
35356133353032323261623662636134316665666661396633366162366362356662626166303162
33343534323033383436396234363937386265616435643061313736616234343838623230343564
36623631353466633837626464366335646431303439353933643932393962643535366537343366
39623263393639653465346662656639396461646236643332386532353465373337643961383234
31356138643138613761323965666661343537383536663632336332323430636564623833626534
62373136633031303733313562323330656530656264353034623237626232663331393466366561
65313639396136623839636664623365316232386535656165646561383164396363383464336539
30313937373732313061343335313331656566633737363334323136396132636533343739613133
30633165653231383034313331626435333463373530376665346264386130643830376632366331
37313038393663383037336666386366666165356131616162643131653936613830333034656138
37356435663535373166333135643632376463336136303966393332656233613935373936363763
38626136356134326664393830373238616661656666616336333434646132373766363063663831
37343637353636323366333332323730336564383132343761316438353339653430316438313138
36373136653534613933626636323166653066383263373333363263626331396633646439353461
38653866383233376161376632333534313831356232373764316165613532363964356334623131
64313466636536363334613732353030313736393535613734633132626163336630353736393139
36393632313738633664613334353765343162306530316666613865326362393439343236376630
33383564626563316231353865613966666530623762366235623438666465616232373832313461
37643762653261373134623861666564386131326364626234383733306363323838383738386132
31313234316266356131373638396535353466356630396461353262663066333165326463656164
30316531393835303937326237333732653466313836356366333261656239383164613965656361
37633635653736663263353831613366623565306439313333633239633862353966623262656436
31303164636138623963623836613031383938366432383966646332383666363230616633396633
38356139636237633561303166363264313432633934386164356433363063306333353165316430
38656330623036623462346337336234643637616637353062386562663834336634353839396166
37656137376462396333356135393635616263396465636534636330643638393162306365316438
65636332643732613462306665343461353135353237313739323334643035643765376633623262
33663936303665363131393734393730613035383634626530373834386531383736643966316632
36376133303636616261376430303336393236343563653536383738366461323734663731326432
32333431333138353861336235386533613338313830323830643866356534656536326666323262
34633664303239353062643462333230363135656438353362356639343764636634303965303230
62303234373536633364346435663464356130333361656661343136643032643636643430393761
61623661316238316465313039623839666333636366323330366332343863313631323538323133
33653763396161343038633333613834626637313933323538626566336439666561386537343033
39323264393264303962346337356132643865353362313363366265613531663662626363353033
36656135303530383833636266663538383536383830373232663566616564333464646232393462
61303934653530616634643739366233393133323133633262366435636333323366613766636439
33313633316438373432636533356639386331323962306635666435316464383336313439343735
33646336613430623764643866393033626430393766666562306335343539633965346633303136
30323138633766616237393737336132623865366565636633343565353734336362353137386564
38323061653762343333363966316432656631333364303136376537343538626366393734663136
30643532663065613064636536306566383836623261333263386335663363636237366636393662
32333233663231656161373035633034383837393562356632383263623964356430653934383937
65656566656634313762316262363865616462336562343263373632646636366137386166376438
38323262666234653730643336346663313730393762366338393837356433323166366535353963
63376661626561353764346532393939323365656338373138346634306534643366616635323661
63373236303434326662626166636666386563643561326361666565323532376133353830613138
32646565643966663766346363336166366330613337653833323264333534323134376236653465
39356633623666353365346637646234306531343337623033356435346664373062333333626463
33333434373661323662373164393261306339666433393661616236613931633164333732346232
37356562346365333931373166323164353065323038363834366462306338316138616536353133
30323366343237356362623735656635653962613065303662326135326162343332323964363263
36636437383865393864613262386536313639653466613763666639323637646635626330613231
63636265633035353763643131366563373765363731386330633430303232373864303236643066
35623462366238343361383866363338316538353036653536346533313861313062623033633561
30656263663130666262333439396164313535326439363031646239366361613266623634663131
37323939333966333232646361613034616533626666363165323436646265373665386564326532
37643161373434343966623563393462363861393033303734336331376537326535396466666230
65373663656332666462326533613837373432326631353033623032626133633234663464636138
62663235633835303764323166613038376332613161376330623665313361386235313036623134
30346130373264396463616262366361363734663233666635303163653565323162666137373166
30373265316333373465393036343531363363303935656463356536353733373630363566313633
63383235356235333932353437663039386164666338363166663663646336356564386364393037
33323063353936323161333035353561313363353638393533663933623839396464356535386465
63326562623262373866613330316432383437316231353464616632303662363161633861633331
30383631356137333136396230646637356236636538663063356164626534316534303539303235
63326633313964333362353465343662313965383831383739643666633363633133653036306234
65626139666432373061653436643566336531366265643364393536623862363161386433356239
63376430633039303230653237363435366339343433363737323533623337396565653131633135
34653366633634373234626236666366363362636437376233396633353135646462663561636266
34633831393636613136343239626161336666633462646365626239616336363661333035316666
37626266346666336335343831643731363738303465663564626638383131303438653734393638
63333433666337323661393364306130383264633237643135323266336165653733666263663866
31336265623439626236353461623563306139386330393931376239303862366635353166353532
36613861376562613066356237313330633165663739376164373463346433323638306265313361
65373265343961386436643465363735373962333966613637646434316134306166646362666130
31646665313438313037356132373334376365353965323964386537396637616565346138366335
36303934313962336163626263323865336230343565376634393239323535633365646166386535
30633336323563303164663363386335333936666364393439373261346164323562393164373065
34666662316161333563313633376139353963363866306337393134646563393066356566613537
64303532303730353632623738646263366331366263666434336365346130386336613635613833
65636132313065306339306131396333363963663937373765653362343439633235316636313561
65396130663731373966663232646561656263636266643737633837346134346638633333316264
32643131303065386562356335323631373738333639343763343337383532653434643337316665
31366663333236353261646539343762383261356335633365333461346463636438346665313066
63373132326633363063623861313033663161353430666466383036623566303861373632656363
65356165306364633237636336396232666661636138353334646563663565383832643461666136
35346132646161353865313832666665653064626437646136323765376639323334396335306439
34396539653031333061613063393163373962356230333764306533643834646662326139616630
63623934653836636538626366663965663961633232666165373435653430356366303635353733
62623865306238306130363563313537656334333230386262333530323961373865326166386237
38623864656537373633333231306337633164386465373563636636343430333133306363353130
61316263346135336562633139333739396138656339646238383731666462343031383862306634
32613535363139356432663438323438333832313464393765333634626463396437346561643738
66303462373664663765626531323965656332623131613138313139616332623231643066346230
63663533386663373634333334396231316433616634373766636238313362643437613164353534
31323737343263623131346430313836633034346531393734653534396634333032313063346464
36393731613439613034396462653030363435663264396432633536363363633334363037666130
35626335393634386138636365653033633661633865356330626162383961663132383033326162
33316237396463366637306662663061353632613261316663613738306135623666643632373363
61663065663566323534323831353236633336316365613732656531623563316431626337643961
33323132333062363733636433393562303836303366313935316531343538666133336364316637
64613936343366333061313061383230303865396133636435633036323463343866336435346636
33646130643331616661336133333061393736383263386566656131613137343336383466623564
61653866326334646666363138636138356439346332663566383734383332623662303464383466
30663630316537346434386666336431663463313265636235363930343236333939333737323736
64393036396433353862323462326461393132303833636562316366373438333230666430663636
65303236653730623030316432643464343762366233353533613763323432373032333833316466
63303362323361616537303835636632313763653563313833616334373831333861333531663132
63336536626564336237386365326535623430613930396232323463646631373237616162636663
63363161303262323830383235643564663837376230663432663239643035313965373231363361
39613461626238383563396661323763363132663039336234663864316561376331643735646538
32663936613135316333363662363430366438636663376637616538653264643930636338633530
64343161396331636336376439326464383934633730316163643966623561363265613865633832
30343431393761393731356137303962643062643764623630623065643965313265343633303437
33306633636536633634366463303661663537353231666237303633376462306337663330636232
64383464316663653836326334376433623131343339346434316636313538336135326364383834
32336463323637663537306136386630623536336163666336363536313532356331666238326664
34333666306530383934613837396136306664633362363339626236306564373335626463373530
34363562643334633939376131363637313765353364666666353739633130363766336131313939
32323735613965323963626531663763346632643237306332643966313666663139663938353937
30393065306364623437396663623964633731623731383161623464346638633065616538323964
37316166323935303263326265333362653638343661323039303632353130306263326133333830
65333130303836646331
