$ANSIBLE_VAULT;1.1;AES256
30363566613762636632633262393836366161666439646532373537333362363165663563626538
3963633565343637336233646338316433633638623563650a356630323338326230393436623237
65333435393732323961353437666435666239316363636437393166643635343739666664666239
3366616633386537610a306264666135393034313237646162303933643232653861316166333333
37623933346432316464656334333566313366633438353739663335613833393864633861316364
34616162326536306232633461333362636436653632633834636663633035396133356234333135
38643932633134383337666461373339343131303637393162636266633137633538396265386632
65666536323830373139366162363963313566353461326438653762346232613238366536316364
63373265663637393933623265306563643731333365626666313566366365656461356265303837
62386535306337363533376433346465323537343134623131363132386334363337346436333232
35623532653065383364626632333238313865353037616539303761623033636365643038663165
37626534356439623163396131623436373534623630363533303938383233393866373566633137
64306665306138393966656663346537346331326465653038613461373234356564663865653262
32343637376237653232393661376639336363383261323030316662313133383738356234383033
61376130636638393565303535626464383631383462613966366530396130303534336166383064
32373335373930613464643464616439663336666330323566386133326536633338333036346631
66666138306266653433643864663838336335386239313362616331306431666564636364613830
33653830653863663431326662373361633263653830396230363866306637633466663033613462
61663263306339366363313333363233633236386462633836353564313034303361666135366530
61646665323130336136376538363430643964316134383264663038333462393134316534633831
61383263376461383030316162643566346636356336336633623038326661653931383538303862
64356433366561653465613237626134633861393630636136656139356364313562336162623030
38353136643465353539393965393465316230626562373434646666666335343530363333643961
34383366326638616536613538633764633933376334353239313138633337376237316461363938
64393334626538393965636239313765366462393931363063373764313031353334363563653537
31353437636633333134333466396438616265373837663831623562633837313565383864343264
64303438626666373861663063323537393165653161363536646233343637303438646563623937
32616638616666326264653262356161643634343437646536366133316133616632363032303439
32316132313739366132303538363664373037633137633262313234393737383135336336613834
38336463316633376338623935333133306437373536343563616663663631663561376430643562
61383530666265646463383064646237336230373133353237346332633939626662373962386366
64616636336465666563636366356138653731316163646164653838633233333335393136623038
66383636316335643635303630343863353636376162353262336362333164323030343331333438
64396264326638393035656366383230623862343164326430313965613935383333616565386633
35303438386561663835613133306465613664653332396634343864333661303461333730666234
63396434393061376136663264303137346633363062636161626331623532633133363238653530
65323530666330616464393962653638316134383238626463363466633965356535396136346362
63383130313266633132643739353231653539373961616432633863363133356234306435366666
33353961353861383134646334376635313863373831633465623636643630663339303463393138
65623966333465343962626239363362663061336636326563656461633737303332323865376365
39386236646434333463633533613337346537613235343865613163633030366239303835323130
36363938366361373266616231373431303432313138346239643263623866373834393265316530
33653631323634303464343531336332313231646337373737383138386134613532623533336139
33363333343266363766303230626534356535356466623836373239323839323832663438343730
33343731316132316462653439313862626462313831623034333764643733633565383166313532
32656330343637663862613961386563393031336462333930626361613637623336313237366235
62646463613564346334323036343037393230353665336462613037353838343531376661313765
62343465353239363538393434323531386230633438343866313361363163323565636462633663
62613238653137323538393933663561373032616339666633626563363165333833666261373431
66636133313833386233306238303565323264323836633931653862633663383237623834623437
35626135356234373335313831393636626630363839303765306431653436626264666662386163
61373834623135316263383131323732356434663738346238656530323163346137353631346536
61626463373734356161616337363266306432323961383734636530356166376233316234383732
38313664613036303338643634313161646634373461656263363964386233376136306437366631
36336138393635306366616666326366353631326234303036613038353262313931613961323565
61393531313635303936393165316530336337346161346430653866656164326338613862653963
62363433373135336433663765333739336535306665343937633733653362333233396564653635
62323161643062333738396432633938393233303663393832643066663336386162656132393437
31663235326530653931643732613734306330373632623634366464613336613832343239396637
64396361626133623238643162653162373566653066396431663465326563333736306535633865
35346634626237373633636565623934613366623962636561303236313933373032353832666135
38303861393730653534333063633936356134396137363035393239636665666230333234363430
38333631623162343239343663386563313362383536633231656265386564663533633533373936
33313166666137343031643337366533313862633231363735616135373664633066353866303362
62306630653734303935633439643365363238656532326163663835366665626166386337343865
31386431303339613830666430326231313633346265643530393836333030326133333032653761
62313237303061313531653734343265303166666139323630323634663938636563646239376630
37393439393939656165333966333966386539613464616132623865623066393731333136323139
39343839613433636364376539643130333032653834663861353730356439643033623964323531
32613361643535356161393265383936623634353235626662363865333038353432626336323165
34386661333762323836343934323130306564663538643266376662636534653666343230333533
30643830393265396336363632653865386139656463393035363562323639323335616133353938
32323434316535376463633661303464373531646261343836366634626164323032616166353662
63623463333064613261323639383165333035623832613966363564323636303965396666373666
34626365613432643864613134623530633061363135346165626336633133306335326636306232
63656566383739373965323731383561313766343336633434623664316265626638313764653464
32376364653634386236336630626138306138346465363264336264383134323061656264353832
35633536373137656664346434386235643531636334343933346666303737323861646666363038
62353533653761353064303161343730343735653435373563373831306264636337636231333862
63386465326434326663313337636262656538393366393035633330383035313164383363323638
36393762343036376235376363393937343533623662383736373535343365376533396538366564
33396363343530386566353437616338626539396234386331663164376364323562363136386461
38306161666265636137356563636561303133393231653730303733663331396161336635326334
64353534393066356332613833333766363863656331376139333061653938386563613635613832
31613565363438623939396362373937313162373965633064626137393263343335616130326137
61346364373436306461626330363138663731306364383461313264326162363662386637363563
63646531393663313737613732396664623961393136316330393630656564626635396537636230
66633030666162376330636136636663653235653939636463376662633364373264373765343833
32366237333338303331663563306630366337306231643138613034303764636362373637303236
32353031663237373163643762313739306135363936363030373034653834653765643030626666
63656634613533626435333061313862633430616365636662666231306536663333643963343862
62336465636330323934643030633164306531616337633135363964663435303032316633373737
61333739643166393866353937643162326334313830386532633866656666653832393839336665
36373538623639323263623237303834333664303165353431373932383834613138653561393830
63393738613961323033333163653363376464306665393434373436313038623364623361623532
33633463353263616161326530383665633062386438643534663737626562663565643735343338
64326264363932363137326534383030623136343836326566623533623737643634313334386531
39373034373138663165666339366663643034366163616237373032316136346534326132613862
64623266653165646334356466376332623665613262393337383263306332633562363961623931
38356633366233623235376531613263623435313962396134383332333362653366336430333238
32316166373330643162666635303132663431623765666638376566343065303565613839313835
33666631323131356439366137326132323261666633333233313866383138376138636465623232
62616531663261353763613064353865633764313138663836653335663964363033333265643938
63643265623031653038383563383232346531613733333936613563313165653439383839663164
63373431666138343565653632656336373735373162613134666639316131386132306437646239
34643364396636353233363862326235366365313166666264623564336134333661373331356238
62383532623035313937633461346136356536643237366131396566616433373333643562313236
34363030646435626330323530346461623536653763336661366436326465636530363762316561
32666562616666386266626238366533353534656338656563353632656130396565366337353438
39666434653264353433343236333230356362376662386139386639626531373939383939656439
63663262356536616238383561663264383439643636643136333439643236356563663131376165
62626234633365616530383532636235663162386231616333363265343366383537313039333362
39643663306434303961386664326633663237393132373338666464636131306134363338313664
65643831333639363534363466646465343432613338313938656165303532373561356163323138
38623964323463386535346336626532613238363639653531626233383631636437646332313230
32306263616635316438643738353438353062306164633730643165393864663135316139326635
39396561333439303939346466666232643562313866313934396138646138656139643361313737
38393763313865633830323133616532323134623630643035303566386261643765383737616639
33323437343831343765343238333364303032613832356535303063613161646133623037656631
36643365623139353065376332383139616137326137356634666336313935656366643030623438
32393661663532393936396162373862336639643334383230633166356262376433653862353661
39313066393561353966636165656266346163653733633734643661393361623136353562653238
39613566326535376466633236636636663736383334376462653733643563353662646333613338
62323634396336326333333933613635316539373164363131613533353063386539653637343532
34626630623063633662613661343061363264616664393666353430663634323333383335636364
31313133613665373963363264396564663838626565303334363165396561396637626139386635
37343638383638323631626230623834373863633631316134383361303533393337306235656530
34666665383766303134383238653661646134376130313537663664613636663331613565626436
64376131643832376139323439656433396331643863643561396534633535653436383461643837
64336630373434353430326565313361393863633764353066393264373463623835366634653832
39386230336432356634383864383365653661376637353766666234303962383933356634633334
61636266366531643464386438366537393035393332613938343734386130643330656438396430
37313765386331623835653164323261653330326236616634313966613737393063633332646536
33643566383862613037663764616430383736393366323233646233636465313331313433396336
66343334323261346136303164316631643362306434343861393438393261663138643736613161
66303833353461376633303933383265333064346335393565633038336233313763636462353865
34656133643166636165636238666562366538633764393231626565666639373365336261663739
66393462343030316435363833623034323531393832643962393830306663303032323131343062
66623533623433623138313265656663343938353765383766623833373930366562323539353232
35666434616433366162653836623136306233393364356138343164626434333364383166343563
37613064316464623134393537666135356632356330623764353439373961323435636136343937
62623861393936386561366361313837383465346434656539376166663537333235646331626431
31396666313137313436336561623137356565663933613862666365323765373361333631376132
64366537313965633633393833306638616666363238393538623831366365333663356362643830
35313930373938313537383866613432346631653733643662323732663933393662306332336664
63306563656330323265326131333136323336623434336637366130623463393630323935323263
34643738323835373433303464306531336362646364353532643865353764616432303862613861
38633132623965643933613737336637366530343030373239666662303434643634346437303664
65383063633232356136303038623564663566626533653463363730393132316330333563633762
37636436666365336265373937393232636638353863363435663661663965663830316439636661
63366265663833383439386462306664663034316133303662306464306464303832666233663035
32396166396137656662626632303631313136623736356236656466333165356637643437363636
31323035663633363465393065343439613864333936666334626130373337663038333463623135
31663331623135346364396163613031633036326162643963346661643961613134343964333330
38633732343439303065336363623130346266313037323131376263393438333737343238643532
62316562393435336462613763356431623963373165313732306666363762363465326665383831
31316632363566393564653964613632623230616336373435656561666630636666323062333266
61623035323561386633666630666566636335656661336230326361373866393461303931653335
33366436633461633066323562373935303035653261623936643136373530373936346335643539
63326164396437613130383761316636343238396239626162363234306433363032636435313261
64386632373832303262313336373838376437343133663233363564343236356436366238623032
61386332646135343935386266623131316533343237386532633739306536613437323631393738
61653762343833396165616664313165333634353233663563666665653831353631623933353531
30333065393231636333393138656334323538366434653861666532363738363363336132363233
36386633356365386664626137303534613037633438313937316339373736626665346634616531
31623830393234376332653939623839313539343437643532616461616664313638653965373938
38316439373636303930643061666665656466393233393066313064626263326532333063346461
65316365323439313962663730616132653131353238646131663339636634336365313363666338
31343632323931366164353238653932626564383861353764656536303231366336663436323234
30633232333164363366663738616261346235313762303432363839623961396663633731653766
32316162356466613866343765383732333835663638373934623939663739663534633461386133
63646362643361383730363730633866646263666161353433343536646364346137613364313765
32323435623562616634663039343039356330623436343938353032663164303666336638353162
33623831343865656135626163653736313563373965646162306362313763636161326636633734
64356534366364303265663335353331303138323733303765366564356630333836633432363265
34613162663934303735663263356138303732356562386664313939376239333132643661643639
63643030623738366631316266616139626162393862336532313765653335336164393735343636
36333062386664363134666466613730313861303035653663313463623266333231386664316162
34626362343764316533653833326536613638616665396530393230636466326361643364336265
31623963613762336632313234633430373839633235613764393639656566643630313863623536
35333636323965363564333066666262643231663163616539653130626330633432373338643864
66333036653831363338663738626636353038626438383665626463616361663763363933333338
33323233306565323965343064373263646437663039383338383133303431636465643164646637
32326535303232343863623038363438343961613762653035323437316364313435323265663936
32303865623461623139333936326265383037333238396165613133346562386434333932363732
31633437613762616232323134646231613061363832656539316130333430646266636337323639
63373664313966393638666361343564313733373466616466653061613363323339643136643238
39653139633232653566313338636538653661313835353261396638346665643439656330633666
31376661333031636333393666313065623635653838303933646436356466313263343434613836
66383532656466646130643065326133343562343037303532613936323166653765643861613136
62383161643037633762356463333234343737633561343666653030393236363231346363346261
39393538616638623634336539633561623561653736663366633539366361343138313766313766
35613761393130613964663539383333646463633030393435626130323863373032613739373565
35626635623033656466383462323838393337666334623533313965656364663066653866623232
33623338316332663430616438616338343039633533633634663164623438306466633937386138
66336533343065353161313261653134363233336561653836373138663861326436613761626238
65633635316431363165316161623164366137303562663563373538653237363264666130643737
33323232373930363562363566383364333737616465616363393062333235336264643463613831
37393935343365306337313837396662666630323731353363366661333731396635393636316564
37373333383231633532383839346334633839306136333636376336656334353061313563383363
66626265396561346135353335656631386133393737343665373630353933383535653134626136
66393761386131663636396665663330323638353163343137646231356665356632653331333963
66613539366462343734613161343834356130663464393762353033336264353039613463656631
39613739343633646131646530366563333362303739386139383137373332353535656666656438
30383638613165643839386337383130333534346465363836373364386162633164663661656331
31633466336563353434623465656262356533363030633966323731313639633136366630366238
34626338623736626433383239343239393966343333376663353738663130343537613337343038
34383364306566626138316136653966383966336162656266343061373564363435323532366563
64613833386364396364323565353530366435616131373736373633623966623665323362626530
37363365366531623938346138326664626565616161636132323839356339306230653032393662
63343766633433656164346639393662393666396338343832306263366165323666616562343432
39623164373637353531303266623434623563346236613035636564303739306439316662653961
65333434616231623838363864333163303438333265383462663234623730663964386634326166
65323562396139393037323834353132356261313336613665643561616461613232383737323933
65343833656634353062343631653066303165613938323461626536653761613436346432383332
39373037353731386665626336393766616537666439363035663962396330356165613933313339
65616230323933303634656335343530303861346664623337613966383130653237353730656566
31326230333033366466663135333431343731613737636438393030646336306634663239613761
37393732306362623166613839623630336439623061323264633764306630393837313839393163
39323931396238663334646237366439636532323766313061376334393262313339336231633965
35666131383466363539396637333431653462646139373764353830643538346634343334383565
63336363373939393935633431313235393533343639623564643539303462343266633465623363
36336630653631313332393561363564646632643438363961343137343635643539643430386466
32306564626537313830343336333063366434613536363965636636303066626163643364623334
38623633313334393063666434653861383639303636373666623938643633313030653432653531
36663233623835613762326332326361323162323934383134366435373062366532323161353036
63316139396366303230633231316664656130306534353762333563353839373738616666643238
32623766303639356130376366383561323761346465323136616361383334366433336339616532
34653138396161373238366462633563376139356662356665613263323665376563373962323062
64366136363337363238316661386565623133663635363665383139346639346432313034313438
36613761666665363731393533636636623638626538656135336436356234333533656263333532
30393732313637383635393537363265383335323031346234613632646130656435643231353431
65316664613630303062343563666334356333393934306164663630653763356335636230666366
30643836376663633164663734353636663765366231316537653861663564393166353035316139
64646664346661323039643734366538323331613432646564623835386137306162633333333433
32636638323336316536303735653064353736613336623133333931623238356530383132633934
34643433356631336438386233393036656265656439353366306635303839653465303739616161
31666239356133663235646333313463663530343237613233366366356130346262653964346161
31316665343266653737643336616631656633313462626564336565303232373963326362626333
37663436383236393833393830623063653836313037646333363265633737336239393261306662
35656534303636646136616634353465633637376530303439646465346562366635646136343130
61306236386635643535643465306636386236623934333564336635386434393365343036656564
65393538626235346164633562376461623635636363363434353737376638383235383238336332
33346162313639366565636135336237633162343233666662663064373733396536363362326464
31363464363335623539346537393365373638323539363638323361393865366332396232393362
30666531373965626431396535626138653264636361346464316539666538623131366235306366
66313961393137323237393561613637666233373432636564636331393639396233323634323232
64373633383463393231306263383638363234633164386564656632313561383363613738326539
37303633366138336535643863346537353161653361376434393161656439376139333838613632
32633034313438393430373061323138643438323436313937363030383462373439336261613433
34383332646265656632373562643365333534663863633537383161396236656163313163333333
64323939383931393833343231633837316531613766626362313762656638363938303265343233
35343462653561356264366565333330616636333036313337656331633161656164643736353262
31653165386135616363646539623632303438333130326463643237366436323263653134383333
63346137383935343638366633316436343133373562393030313332316536626633353932313139
34626264633530353331373261303932613662353237316334323935393934613332663963663266
64616166353635633761653665386562346336353863313036613038313739306332613237613036
34626331623231663863666431373831373561643461333365646536616665626561313863643838
33666432393439343665653762386563323934633635313336386639306533313265643434393535
64343430366134643137643136333762663861663439323866653561373431383335393964633436
31626538373061656233356363316365323536353432623063643161336635623033613964373538
35373635303632646464363138366166346165383034613732383035663638643865353432306262
30386665313634333439333662383333393966313566666234376161333665643666616532306636
36653336376462356136323763613734393765333033643332633733636666616539373934336139
31363635356530383761323937653164616130636665636334663462663365326338386364646231
33323131333139303737306334376166343738366638623966313039626662616639313635363234
39653434303066323536343039393865363834386336363039306364393939326135336132333462
36393736623235313930366237353538353737313061343764383461383835653762663737323639
30373532353163656632643061323262333765626566376432636465366432663732393164316464
37396538306133643437376237383061663039333435633237666263633365336465653533396464
33656438363965396661333966663435306664333039353133646631306161363632633766643761
37666566383663326337383063623031303934376164343963613561663131373161383239656338
34613263343564376463656431646538656436326333623961353338653435663065303361633931
32353531383232343832363338316236383137313766383663646130656438373139306566623063
62633362386137373035336636626436346532353332333261663038626461313961366362356665
32643264353162653831346536393663303233373934386135326465356166666138326633386662
33613365653964336532393563636334356232313738393638623232643064333933363231383761
63343735313039653738666538383265393434663661336666303362623930306662363137653935
39373130363137373736316364666438633333306537623331363061393037373331643364346564
63643863333735663661363734626633663664333335316336613235393262393237373561623130
62643234366538346437303738386136666333643130396535636538313862343563363338376133
36356334303465356238643636353038386533373737616564393930613333333537626330633462
30333032613465333663323735343162643931653639373132613233366535653437623730343633
30386165643533373431643032336639623833643161393433666431336239666533363131376435
37333564666133623435653561383764333935303839396630663934633433623464376534643338
33623364646564383231383164613430626431333535313162323130343565613563386433613532
62633538643062623638323933663862616633323838363739386239336639633661333930343632
33393565386435316664663764666261303861656330366534623230623937653962366432653262
35396235613535653437363034353538653838323330396563623937663563313131663533396332
35663938633136313738346365376631386534633838373135636238356464386363643066303337
34313734653334313563356262326462626539386437373934663831316662663538613564393633
32643736643061343564666466336235643237636433373035333864643637656631323535353832
36386635396639636163383266663161393931386537326464343565353433376433633265393930
35656431633766386431613732613938333062643337666663623966623236376631363033386463
33636165663437326632326466633732626266633934316262383861613339356164333933323033
31326431303166613631333734366234666330363138383337656664363736633438393466366466
33643165303239633966393739356161643234666262623533356230316561313933666237663464
31663162383837323666663161303133343031373435643530633664623639383466636335353130
62356666303633653462393264633238343737386330613531363439636266353235656536346236
31343666336330643132643330336236376637316365376462313830653735373437373132366539
61656166396137333432643332323334643763346462633361373134616166656132653562363266
30646266633134626164643962303635373162646261646438613431613961363230343832666137
37653132323331383661376438626665653436633535346533373062623666373166366663616264
62373136373739346137613734393231303863326235666431323432653066393736316532626662
37313737646564663265316135303736323530386530353335666336633162666362393265363964
37363331363434326636313933303132343362383662353336383039306564646235386530343462
61383139383938376536653238316633323866363835613038393532326133353866346263373130
30613162336234333430346565323665653635323766616534646663653032396130613031326537
62633733373734313437303534303164616163616565613665353734306161373432663562303565
32663262636461303462613861373964623733343864376363666239396562393333646165386636
61366662343231613765346135313065356131333635666633393463626332323062383564623265
66643462633834353137636265663862396139646464326264333330663834353562313035323636
34376536353762393235386665373536396664623932313938643765626631623462363564393131
34353837653763336136633836303066646332363534666335313334316432623238303433663639
31343266626638393633343466613333303863353765363731333433313139373034316564653435
35643939626335363661633730343363663164616335356131613336613932313661366565313938
30383638363739613136383838623931366435383734383263323962353938356164326635663265
63623863393234643364653138346433316465666431336466396532663066323261356139633134
34336662373233643964323861326163653966613936636637353761316366396665323134633033
30613235656138366338633333613933373137613961373236343032663961343866356466326163
36363733663335373633613039343435343964363537656436343531303638313265353035613936
65313730646265653934656666343037343931383439643635316332376564363265373431366663
31656230346436356437323266613639616639313934353931353439373463666162336463336666
32353538323664343237366639336237623931333436653637636337373639646137343631656132
33636165316139353533323739366538396266653166383738303736376431303630353934386233
34616133656265666162316462353534393037343439383432333238323930336437383366653163
37393238613139643139666561613637353738353062363934343334356564323462626530316633
34383536393764323133613535656166633466646337376536623566623462363335333964666366
36643435373736323761646632353336646230306532623566663530333964636437343638646633
39396339623936313138353634333765313338623830656337643363343431646236313238373531
66363566313665623437353661323237626436353138373865616630633261663436363430353430
36626361306431303039613062343339333162663266353631353334626431656431393039306432
61613066616539396661333435346431656134376566636166386462336435316461636638376336
36643266376463636430626633316230613965323630353266613130373331623332616162626134
35616336393663346239656637393338366336653337333733616535383264626138336364333734
64353738393339386535313364356137356166346536643731653232386439396336343762313761
33613965343036393366383631646439393263623336636537633165356337626361653139663236
37373563633538373563616365363936346131643137366136383463646630643830663434396532
37373433313661343762666532373938313162663737363635666461623330653565623734373063
61653434653231333637643431623732636339396630396563366537373439396635386337663837
33666163653063613131383737306139393133366363623235623566356165303861376262333366
33633666376239336466373662306335396563393739633538356361326463646637633932613763
65323761613633336436636432626465373930646537326433373161306230313037393631336138
66623766636363353162653065376562326433356137383564633430663764616332373365336231
34313330333138393064333937663232393734383239656638616364626237386562653966313563
32626233633762373135633165623039326335343236383635323532633538303162323131323566
32333639656134343239393562336539623732333533356438343134316533363666363636613434
36636539623436316165613565363934313238363161346332663436383932333466313534383234
37616166333564376661333232346562663432313133306635306234396633333963346463343835
63343131393338363764396534303232303830616431373430346436666635653235633264333136
34336538373266643766336665373564376231393030623231346533353563616337393662656365
39656661323638373737613563303063633161373436653861326636633665626138643730323432
61623864633835323463323530346538373166396161623035366230646134623137616466663232
65633138623037636261353665653232623864643337366365336534313731323831663038613139
61373631663762333036616637326334656465313838353736663935393138396366376332363962
34323763393061663235306238383865613965306235346535623063333162353731353862373532
30636536623932633036366137373536356334653837323266343539646137313963303937643834
64333963623936343432323836383730363335366561346431356530323932313933306631323335
37613337383633393133646437636165663062633230643262346331343035636534633532313633
36346137663661313866303464306339356466663730663731633537363637613161376661613264
38396664316233646366306636326365353838663235336632636464656466353530663966653265
30323936396130626563323035353834666162373630383835373837386163383434663561323531
30343237646461346564396134386366643033616438363231623165376435326430616530346638
35356434353366386563313736326639653963616461313232623261663338653464346433346136
61366566353336373738306134623037383534623033663335336439663030356233383734326239
65643037363261346333383765623662636235386266383633353537346132616636303937386638
61393437643539383934653263653336323238343137643539383733323332373066363634626262
39376361393463306139373763393663313832376433373532623137666165313538376164656562
62303664653738396436343335653432353163393063336436313839333465366233666637393230
63303566336637663464303363356162666664363635643762636334623862353363383961663766
65313033653563376133383835633438386265623336333930353365623833306266663762643830
36613566623063653361353537393031306434333739613438653438633835626666636465373136
39393666376461303838643236646566633530336130666334393532383663343635303131383964
31393865613666326536663266313633623430626433643361346334633135653334313632613239
30643864666262383835356638643330356566636661636664386430366466323838613466316139
62306566366439383964316333373532396331363535353664623332613439623461373937646265
32343331316366363130306638616666343232306431336264346165323838626265366533616663
31353132333536633661306631623165343761643235643163363266663863643264356239303430
63343562633635643439393064303866656463643331633834643535316533666234326531316431
31343565663638326333633661313462373932333939616666373763353431316131333761363130
34323937393762613264333838303264326230353833373237346139653962303764666262666333
35643535656662656138316663303231633937306262653265343634303331666532316533643866
36623238636635613335656635366364313936616333323966333135363461376563396233643761
62383965653938636664333463396665323137326464343239663962393463663934313166633439
63363765383866306265643133393630366133373935343732396162376164613165373335383433
61333031666333343730613466353939633938323932636538303336616131353066353137336638
35303536353830653837316530663837363931363162333936626464666333393265613339356337
32336335376533333464373362326531346439396566636231643734323935656536386463313066
36383937343436663564613931613163373538636638356535353237653762323161326435646339
66393431373831313066346334396330373964336237633633633238656430366335633035623364
64633435363432643536306131376562656133616265316238306634623266303433626466376536
66356437666166363535343161303666396337373535343730313432366338623037653834653462
33396232613931373532663338363462313438663631666365306430326639313539313261616630
35386134366432393830666631383838343966373337626439343834653433346661343634316165
37373961656632396366393832623464363664326439613132636336613031363662353230643335
32623963666538373562633132386664393236643431643266663965626464376635363066373835
38623365363032363164663831346136626132653830623737313361323161313862366466336563
31353065656465393538303862366562656261336464303766663437393166326638366533306337
62623736666336393365613266323063653237343462373438343036313936383333616661396631
34313666643534313762653761343162633535346332623138623565353330613436336363373662
33303237363134643563383434333736343639613537656363373162623131643137343166343332
39626263383536303466366131613863623564313639383736333639613536393764316238653866
39353831613730643034326332306562353338323333303237386633353134323239613534323631
37383330373735663735613866333865396434353237333531323638623032343263323239373231
30333636613565636230323737303261346666616537656363343839376637656132363435393632
63343339396266663639373130393236346266643962313336333936383465663039616335333732
61373664313765643836343731343161313136366630303866383261643965393933646535303830
65333561346231643236313561343962323663633838353633323535653533376639323763643832
31386634363931333931316134306537353064346533333864366261326339343366626633656438
64626635346634323835376238653038363334663838663732613036633738333765646634346138
62643232363236323436333162653064633637646363373535306538393765643035336366326133
30373936343531383835373534323234393232636230653766383732353361646231636438393838
36613736336562613036323462303835646434306564613236313466636536383433333531666364
36343533316137313136346531623537326163326161306266303964633061306437323837623931
35323234356264306536383738313238363932653963366336646136336631393765336165313737
34376437333336386563316634363665386263383262376464373066353466663738336437643766
33666336343836383737363637396566373033356464636139666138336635326665336330623133
66616636306530316233303462303631343435623366363766343936613463383762366530633836
66386438643164636336343138646637376433386636643465646432383238643865306463613861
37386465353332646233346431656564623265323361346562666361323032643934666437626562
63653761373266653439326563353233353665666164333139623363633632313137303438373662
33323364303565646166363935363864393933323261343466323637393034386130363162616266
64663439316264313039333965343631386234616466373337323738623834386131353437656234
62643863306234366331623837346638336233666466356637336434316665653666653439636161
32646137663764646336303662626132653132343130356664383534663964336136613539663635
38366464366534316334666436653434613231663264323130663537336630633264643530636531
61636638393936306262646437323435616132316530633233326264643830643236656133363336
30393434646136326365313165646434633365323464396664373239373761383930343732383436
63303966363065373833396466623065626234323064356430633237313664323930333466393366
37666239383137623263396534656565353939613465623066626539626436333639356664633064
61363465616139323034393333376463306137323439383638393637313134383138663130653939
33363633363230653634343837656463636666386563333638633865353836313239303465656662
61346336623730333136383436643663653065353763646335366539653063323162653461663665
62633336303765316132636630353530306561316133643365306230313733316538326639613238
62633263346562386463383031656666663138336633396130646237643139303534346534633638
61613036633139393664303535346630386432353966373339383562623638313031663635366633
64626232663662323262616139323630363564666630653835336431383933623866353866613464
31333065643436353166663339393236633539363665383236626131636432353635626435333864
33633436623839633433383138346436613337353638326265306234633533323830643166306139
64356463646661306532653265343066616563646163613664343665313332623436333233313837
39363637326537313964646134636337666530646435343035313565383333613935613439626435
61643639636666396165356264666336316564366661376362383335316334336164663837353336
63353639663135623232616533373363623433316561306431633861336631323935396165393533
32343535343662306661303939346565636636326533663035643238643862653234656661306638
64623262353230663965316234623238333834346132646536336639386161356532316366393766
36656334326537636136343862616263373963646261396562343762366431663536646232356666
34363533616237363737323736376461623230343062666264333635363665353462636436616532
38353866393935643233346234393431623932656631623864373033336239613237623137323834
64633833326232656431366134353230353161363939306462346361616532363331306531303162
33373136613738333864643033393536393431303930656139393863376266666138383362326631
39316130356230633562336538643733656430623839323663373539353462666433326330393638
34633630656339643835336239643036356664663331653635643536373934346564663062626666
35336136646334626365633864323931323161356163663166363335386361363739396362383564
62393436663138393234353031326165353337646131663361366633646161663139336433303935
33343137303265303462363561663630313136333663363338626566316238366136623638363534
39636338353337346537326434323833363861643862653561366465373466353539616137303061
30393762343961316466656531643435386631393435313832636139326165323334666365316532
32613031643030343333636461363938333566656666383139306139333135653164333065633162
35343565356233316264643266656633353364323835383564646366636366353161333062383932
30633436633931613365643330346565346161383263353036386538393063313033636564376437
32333763373161333331346234356162393837363234313133393134373439663832636161626264
32313632393433656230646436346131333063393864646339656663386665383664643030363961
33376139376336373463326338383134393866633864313465386336656535653630663961613130
38653530313366343363613462336439373634303635666432313161643866656637306537393435
63623164646131643266366637373735363930613635646232666562336135653838616330626136
39643964353434636431663239653331623834336232303963316461353732626138303236626430
36383838376364663534373139666134356434373633383164363566313239316332653065656664
35373730623830383564613431333638663733383132316130653934333565393030623130393834
32376236663335666538343665363939626539636235386638396163343238626666306665336332
65346136616265353830613438396638356336643431323861326535623365626630323239613266
38616163336332623364373534663966663664616130336632656137653762373163643737313664
39623839396131336230373332313539333435396633316531323737333930343263633066343062
34313537643632396435343937633565353236386535313662666664633239343635303033646635
31333634626162313536613836633533393765376365366464333236636264636337666134373662
33646562656332366131333866363032653565633566363233616230643538353363613463333933
34643834303539306636336230653335633036366564366332306263386261616131626634383138
31376131343638353235313838363732333165366232653630356562663637653539643264656437
36383530616536653530623061323534633433386631376439633439386461313439646265306435
62393031316136363130613233393031636238316135323633353861643134343836353431316563
62316262326637623964353539326338376531333738663431313061326632366336646265353333
65363731376361343136623733386630663265393261613733633832346461313032333239363232
3036633639623738373565636561626333313131326262653237
